# Created by Octave 3.8.1, Wed Aug 05 21:53:46 2015 ART <sebastian@sebi-ubuntu>
# name: T
# type: scalar
12


# name: A
# type: scalar
123


